1,43,3.1832
7,44,3.1497
19,44,14.113
12,45,3.8191
18,46,4.3938
9,47,5.1118
17,48,2.162
15,49,0.82366
6,50,4.555
3,51,12.348
10,51,6.0384
4,52,0.5178
20,53,4.1597
5,54,1.4873
29,55,0.38349
6,56,14.677
12,56,14.652
27,56,3.2015
2,57,0.15527
8,58,6.4176
10,58,13.045
11,59,2.807
19,60,4.728
3,61,7.8449
28,62,3.225
21,63,2.0896
14,64,3.0535
26,65,8.3961
36,66,7.2555
22,67,8.9634
23,68,1.4222
32,69,6.5421
25,70,7.4068
31,71,5.2226
30,72,4.8171
23,73,13.755
33,73,1.1195
16,74,8.6639
36,74,10.426
13,75,6.4213
24,76,6.3336
35,77,5.837
38,78,3.5509
37,79,4.2777
34,80,6.4087
42,81,1.875
39,82,6.1684
41,83,6.7327
40,84,6.8846
49,85,0.48674
47,86,3.6743
51,87,7.3818
61,88,4.8498
46,89,4.3133
68,89,12.43
57,90,1.9958
48,91,1.7017
44,92,5.4176
60,92,14.202
60,93,6.1013
43,94,3.2096
54,95,1.2045
50,96,3.7733
66,97,3.6362
45,98,3.2916
55,99,2.377
63,100,0.84332
76,101,6.6983
58,102,6.8406
45,103,14.688
50,103,14.218
56,103,4.6029
75,104,6.1788
59,105,1.8755
52,106,2.5391
65,107,5.6757
57,108,13.723
68,108,3.9911
62,109,4.02
67,110,6.693
52,111,13.426
74,111,6.2456
71,112,5.9428
70,113,7.7196
57,114,14.165
68,114,14.028
73,114,1.9215
79,115,7.6796
64,116,3.0232
69,117,4.8096
77,118,8.13
53,119,6.3409
82,120,6.3772
72,121,5.362
81,122,1.4722
78,123,4.7476
83,124,6.3596
84,125,5.2451
80,126,4.1026
94,127,3.3134
89,128,2.6889
107,129,4.9209
86,130,4.2397
88,131,2.3104
85,132,0.55457
91,133,1.1211
95,134,0.043515
96,135,3.4205
100,136,0.78529
90,137,14.88
99,137,0.97824
114,138,0.24659
96,139,13.987
98,139,14.675
103,139,3.9488
90,140,1.2475
92,141,3.9485
102,142,4.546
109,143,4.8022
90,144,13.841
108,144,2.2164
106,145,4.5962
93,146,5.478
98,147,4.3507
105,148,0.83241
113,149,7.2288
106,150,12.007
111,150,4.6974
97,151,5.1538
104,152,5.2207
117,153,5.5605
87,154,7.1383
112,155,3.5785
110,156,8.9355
101,157,7.0367
118,158,6.2176
100,159,14.715
116,159,3.8979
119,160,4.5012
121,161,3.1103
115,162,6.7197
124,164,2.0358
123,165,4.6171
122,166,2.2161
125,167,5.9762
120,169,5.311
140,170,1.6842
144,170,13.618
133,171,0.59189
132,172,1.6454
146,173,2.9656
130,174,2.6658
141,175,2.9619
151,176,5.7333
137,177,2.1274
140,177,14.445
138,178,1.412
143,179,4.9294
152,180,6.4159
129,181,7.6983
153,182,4.9975
134,183,1.7819
136,184,0.46123
159,184,13.815
147,185,4.0525
145,186,2.7496
142,187,1.4268
131,188,5.7194
128,189,0.44679
145,190,14.602
150,190,4.7135
135,191,6.2317
156,192,4.9396
162,193,7.532
168,194,6.2673
154,195,6.0863
144,196,1.7264
155,197,3.994
160,198,4.2828
165,199,4.6685
149,200,3.7599
135,201,12.718
139,201,4.5655
148,202,1.9513
158,203,6.7262
163,204,7.1336
166,205,2.519
164,206,4.7908
157,207,6.0447
127,208,4.4623
167,209,4.5565
169,210,6.9779
161,211,4.1564
170,212,14.739
177,212,1.005
174,213,5.2332
170,214,0.60221
191,215,7.7217
188,216,4.843
172,217,1.1267
186,218,1.434
173,219,2.0665
180,220,6.0168
182,221,3.618
179,222,3.4104
184,223,0.77195
178,224,0.30038
183,225,0.86859
181,226,6.5924
190,227,5.9271
194,228,7.0915
171,229,0.89016
189,230,2.362
187,231,5.1316
205,232,4.8257
198,233,5.2749
170,234,14.695
196,234,0.94487
175,235,4.4537
191,236,13.387
201,236,4.922
203,237,5.517
180,238,13.243
192,238,4.7879
176,239,6.2527
202,240,3.4918
193,241,5.0181
200,242,7.7274
197,243,5.2528
210,244,8.4986
185,245,5.1972
209,246,2.8472
204,247,7.2139
206,248,5.7021
199,249,7.1394
207,250,6.7362
195,251,1.8143
212,253,2.1592
214,253,13.417
217,254,1.6128
214,255,14.983
224,255,13.669
234,255,2.4052
229,256,1.0097
213,257,3.4938
216,258,3.5542
220,259,7.0503
220,260,13.097
238,260,5.8958
222,261,2.7077
221,262,5.4449
215,263,6.4364
244,264,5.2569
214,265,1.6266
224,265,14.978
225,266,0.9665
218,267,0.86548
245,268,5.0358
223,269,0.79465
226,270,6.5702
230,271,5.0622
228,272,6.6463
219,273,3.6309
227,274,2.2906
233,275,12.663
242,275,6.9079
224,276,2.5731
236,277,1.1893
235,278,5.9693
231,279,4.1889
233,280,4.9847
241,281,6.2589
239,282,8.7371
243,283,4.1671
240,284,1.0246
232,285,3.5027
249,286,7.1596
237,287,5.5468
246,288,4.6125
247,289,9.0025
250,290,7.4619
252,291,5.5717
251,292,1.5704
257,293,4.9463
254,294,1.6823
256,295,1.5394
262,296,3.0845
253,297,1.3264
265,297,13.73
259,298,4.4353
279,299,0.67271
255,300,4.3313
276,300,12.745
270,301,8.1798
266,302,1.2923
265,303,1.4913
280,304,2.5838
269,305,0.76956
274,306,2.9049
268,307,4.8703
263,308,5.181
267,309,3.0209
275,310,3.8463
277,311,5.9917
278,312,2.9173
272,313,6.2055
276,314,3.1562
286,315,6.1865
282,316,6.4711
261,317,2.2167
259,318,13.979
260,318,5.8985
283,319,5.0307
291,320,4.1688
292,321,2.1202
285,322,4.8357
264,323,7.1244
281,324,7.5556
273,325,6.6997
258,326,4.7563
288,327,3.5214
290,328,4.2451
284,329,2.023
289,330,8.8389
281,331,12.914
287,331,5.9041
271,332,7.8288
309,333,2.647
302,334,1.4255
308,335,6.6685
303,336,2.0818
314,336,14.796
307,337,5.4012
296,338,4.0711
326,338,14.295
306,339,4.0361
294,340,1.7258
297,341,1.7584
303,341,13.47
316,342,3.2997
293,343,4.3077
319,344,3.8322
311,345,3.5584
301,346,5.0766
299,347,1.2511
300,348,4.2708
314,348,12.462
298,349,2.1304
310,350,8.8797
305,351,1.2646
315,352,5.6551
326,353,4.7046
324,354,7.304
312,355,3.1115
295,356,1.5632
314,357,2.9454
318,358,6.7643
313,359,7.853
304,360,2.3103
321,361,2.5471
320,362,4.9824
317,363,4.2729
328,364,5.4661
325,365,10.711
322,366,3.5523
329,367,0.8177
327,368,4.1706
332,369,7.2781
323,370,6.4307
330,371,7.2441
324,372,14.428
331,372,4.4909
343,373,3.8208
333,374,2.9533
340,375,1.4781
334,376,0.96696
349,377,2.4843
338,378,3.491
342,379,8.1654
351,380,1.9818
337,381,5.7966
346,382,5.8906
336,383,2.1055
357,383,13.965
345,384,4.0124
339,385,4.4616
369,386,8.55
356,387,2.384
348,388,5.0259
357,388,12.182
368,389,3.5026
366,390,2.513
335,391,5.3762
347,392,3.9916
355,393,3.438
336,394,13.839
341,394,1.7126
362,395,4.3638
353,396,4.9927
344,397,3.9667
352,398,5.073
358,399,9.1999
365,400,7.2212
354,401,6.9275
360,402,3.2456
350,404,8.4366
340,405,14.3
357,405,4.0379
363,406,5.7902
371,407,5.5371
364,408,5.2767
359,409,7.3409
361,410,5.0517
367,411,2.7042
372,412,4.7669
378,413,3.9611
381,414,4.4208
399,415,7.0108
376,416,3.2101
374,417,2.4826
375,418,2.6021
376,418,14.963
380,419,2.4501
389,420,5.4946
373,421,5.0138
403,422,4.201
383,423,2.8996
386,424,7.7558
383,425,14.364
394,425,1.4499
397,426,5.0504
395,427,4.1424
388,428,2.3358
405,428,13.891
393,429,3.6761
377,430,4.6185
392,431,5.5862
401,432,8.0231
385,433,4.6547
391,434,4.2355
384,435,1.5269
382,437,6.3923
375,438,14.263
405,438,2.5945
387,439,2.9736
396,440,2.9615
402,441,5.8026
398,442,6.892
400,443,4.9046
390,444,1.5273
406,445,2.5401
409,446,6.0459
407,447,7.7295
379,448,5.9848
404,449,7.9049
408,450,2.1013
411,451,1.1783
412,452,5.4586
410,453,3.8244
418,454,2.5127
446,455,7.2866
414,456,3.1686
417,457,1.9562
423,458,13.664
425,458,1.9259
413,459,5.0638
434,460,7.432
439,461,1.499
430,462,7.0833
423,463,2.0573
443,464,4.8682
420,465,5.7489
433,466,6.7019
416,467,2.145
419,468,2.1733
440,469,5.3943
429,470,5.2803
421,471,6.1953
415,472,4.0527
431,473,6.7613
432,474,6.7167
442,475,6.0912
436,476,3.4761
428,477,3.3748
438,477,13.628
447,478,7.1669
437,479,8.1868
435,480,5.3829
441,481,2.3943
418,482,14.75
438,482,2.7268
426,483,3.1742
448,484,3.7606
422,485,6.2859
451,486,1.8837
445,487,2.9572
444,488,2.9255
427,489,4.8758
424,491,8.8563
450,492,6.5284
449,493,8.2676
452,494,6.9889
453,495,1.9458
455,496,6.4086
456,497,4.3698
466,497,14.102
454,498,1.3824
460,499,7.1784
457,500,3.104
472,501,4.0427
459,502,4.7845
463,503,2.2185
482,503,14.905
466,504,7.1044
458,505,1.5442
463,505,14.116
470,506,5.9795
485,507,4.1885
481,508,0.79982
467,509,1.3749
468,510,1.9567
477,511,3.2179
461,512,1.7408
489,513,4.3111
471,514,4.818
474,515,6.5605
469,516,3.7043
491,516,14.904
478,517,6.7362
462,518,2.6736
473,519,4.6924
476,520,6.8479
465,521,6.7998
480,522,3.0607
464,523,5.8755
479,524,7.1669
487,525,0.94557
482,526,2.0292
475,527,7.0403
484,528,6.6655
494,529,9.2401
492,530,8.7825
486,531,2.3681
488,532,5.0153
491,533,7.7407
493,534,5.9802
490,535,4.3092
495,536,2.6048
498,537,2.0302
517,538,6.2942
502,539,7.3413
499,540,4.0382
509,541,2.0604
501,542,3.6127
503,543,0.82014
500,544,2.4676
510,545,2.7542
497,546,4.7862
504,546,14.299
498,547,14.957
526,547,2.7284
511,548,4.2354
514,549,6.0256
512,550,3.219
504,551,7.398
508,552,2.5588
525,553,2.3272
503,554,14.86
505,554,2.7683
515,555,5.6116
513,556,4.9953
522,557,2.2694
506,558,3.8157
521,559,6.787
516,560,4.2167
533,560,14.829
519,561,3.6097
496,562,7.2214
523,563,4.3479
527,564,5.8194
507,565,3.4988
528,566,5.7743
518,567,3.158
520,568,5.9354
534,569,5.5259
531,570,2.6347
524,571,7.5398
529,572,7.1401
533,573,8.7654
532,574,4.0188
530,576,7.4208
536,577,2.2
535,578,3.909
537,580,0.61449
569,581,4.6683
539,582,4.9684
540,583,4.3618
541,584,0.93794
544,585,4.2828
553,586,2.2745
542,587,6.1692
545,588,1.7387
548,589,3.1196
558,590,3.7211
546,591,4.7106
557,592,5.4408
543,593,1.8262
552,594,2.7823
567,595,2.9783
560,596,3.4379
543,597,14.748
554,597,3.198
571,598,7.3768
576,599,6.7191
538,600,6.4668
550,601,1.9662
551,602,3.8247
565,603,6.0038
547,604,1.263
573,605,7.7967
559,606,1.3244
554,607,14.976
561,607,5.6413
579,608,7.1048
563,609,5.4023
555,610,8.198
570,611,2.3797
575,612,7.5181
566,613,3.8065
556,614,4.2381
549,615,5.3223
562,616,8.4519
568,617,4.156
578,618,4.8487
564,619,4.9543
577,620,4.7196
574,621,7.1124
580,622,2.2836
587,623,5.0812
582,624,14.64
595,624,4.4153
607,624,14.383
602,625,5.021
585,626,3.316
604,627,4.6564
615,628,4.8867
596,629,2.8517
594,630,0.60334
601,631,2.5724
586,632,3.2996
583,633,3.4089
591,634,5.5869
582,635,3.5927
605,636,6.8737
603,637,4.3783
581,638,5.6239
588,639,2.4812
593,640,3.414
604,640,13.39
590,641,3.9847
609,642,6.4281
597,643,13.044
607,643,5.4382
593,644,13.114
597,644,4.4353
584,645,1.5367
606,646,1.2054
608,647,7.8388
589,648,7.8651
600,649,7.7144
592,650,5.7836
620,651,5.1754
613,652,6.3479
616,653,8.2542
618,654,3.212
611,655,2.6392
598,656,7.1288
614,657,4.9596
610,658,8.3701
612,659,7.9237
619,660,7.4433
599,661,9.9174
600,661,12.49
617,662,7.8373
638,663,4.171
641,664,2.846
634,665,4.1641
635,666,4.5525
622,667,1.5991
623,668,7.7986
628,669,5.5416
639,670,2.0052
631,671,1.9069
624,672,2.1321
633,673,3.2064
637,674,5.0807
625,675,4.5406
647,676,8.429
626,677,4.1861
630,678,0.16372
627,679,14.443
640,679,2.7188
632,680,3.0912
648,681,6.1207
659,682,5.1932
642,683,6.4748
649,684,6.4573
629,685,4.1629
640,686,13.293
644,686,2.6548
653,687,7.6208
636,689,3.4456
657,690,6.7811
650,691,3.4564
661,692,7.0852
645,693,0.79565
646,694,4.2123
627,695,3.3562
655,696,2.5898
642,697,12.63
660,698,6.8942
656,699,7.9127
662,700,6.8697
652,701,5.1916
658,702,7.2225
654,703,3.7758
651,704,8.3928
643,705,4.0428
673,706,5.6807
677,706,12.844
672,707,4.4663
705,707,14.664
677,708,5.7632
667,709,2.1398
674,710,5.1085
669,711,5.6338
665,712,4.1675
692,713,6.9871
680,714,5.2764
664,715,3.7307
679,716,1.9227
666,717,0.29489
694,718,0.82721
670,719,2.1205
668,720,8.4574
663,721,5.5773
683,722,3.6977
695,723,2.725
678,724,3.1884
691,725,2.8769
671,726,1.9713
693,727,1.2328
679,728,13.187
686,728,2.6902
685,729,4.2428
675,730,7.35
690,731,5.2216
702,732,9.2371
675,733,12.82
689,733,6.8003
663,734,13.163
688,734,4.0938
687,735,5.7019
676,736,7.1762
705,737,4.4951
701,738,5.1376
699,739,8.0765
684,740,7.8244
698,741,6.4608
700,742,7.8647
682,743,4.3025
696,744,5.0677
697,745,4.0809
709,747,3.3828
719,747,14.733
706,748,3.797
708,748,14.742
707,749,6.091
737,749,13.854
711,750,6.9546
720,751,2.6876
714,752,5.8932
712,753,4.9687
715,754,2.762
713,755,6.6605
709,756,14.973
716,756,3.3455
726,757,2.3422
708,758,3.7735
737,759,5.8973
717,760,1.629
736,761,7.8131
719,762,3.7958
718,763,5.3428
727,764,2.4965
739,765,6.9769
721,766,8.0132
723,767,3.5894
716,768,12.079
728,768,3.2302
730,769,9.3932
733,769,7.1511
730,770,9.2326
725,771,5.2815
722,772,5.1025
729,773,4.5336
731,774,6.5943
743,775,2.8837
742,776,6.5392
710,777,4.4907
741,778,7.5209
724,779,2.3243
721,780,12.475
734,780,6.551
746,781,1.1934
740,782,8.2032
735,783,10.11
744,784,3.1761
732,785,8.4552
745,786,7.2207
738,787,6.9438
762,791,1.9606
748,792,2.8337
781,793,4.4922
749,794,4.7264
751,795,5.5906
754,796,4.1092
750,797,4.9835
752,798,5.0063
747,799,2.2642
756,800,2.3705
753,801,2.0441
760,802,0.6172
756,803,14.024
768,803,2.8204
789,804,3.1972
764,805,1.8954
773,806,6.1815
767,807,1.4158
771,808,4.9633
774,809,5.2531
787,810,6.5722
765,811,7.2966
757,812,1.955
755,813,6.3291
759,814,3.8979
770,815,7.2745
769,816,5.4492
770,816,11.107
761,817,7.2673
763,818,3.9063
758,819,3.5156
782,820,8.5988
783,821,8.8845
766,822,7.6898
788,823,5.6477
772,824,5.782
779,825,4.5793
784,826,1.6948
775,827,5.5301
778,828,3.7563
766,829,12.886
780,829,5.7311
785,830,5.799
776,831,4.069
790,832,6.6638
786,833,6.9693
796,834,3.9774
797,835,6.5826
805,836,2.1441
793,837,3.1619
799,838,2.1095
801,839,2.5847
794,840,6.3457
800,841,2.5105
821,842,6.4642
791,843,2.3565
800,844,13.389
803,844,2.223
792,845,4.055
819,846,3.7125
807,847,3.0425
795,848,7.2666
824,849,4.7699
818,850,3.7054
802,851,2.1593
815,852,12.343
816,852,7.9186
817,853,7.0322
812,854,1.5547
811,855,5.7657
798,856,6.3308
815,857,8.7089
806,858,4.2321
810,859,6.8928
820,860,9.4668
823,861,8.7592
814,862,5.1417
825,863,4.0169
822,864,8.4782
804,865,3.562
808,866,4.0077
822,867,13.436
829,867,5.2997
828,868,5.1581
827,869,5.9822
831,870,7.0311
813,871,6.2967
826,872,2.8211
809,873,5.5325
832,875,6.0421
830,876,8.0121
833,877,7.4965
835,878,5.1931
838,879,2.942
851,880,1.9388
834,881,3.0193
874,882,8.8384
846,883,2.7365
845,884,1.0513
841,885,2.8688
847,885,14.557
841,886,13.082
844,886,4.9973
852,887,7.9799
842,888,8.4437
870,889,4.802
871,890,8.6442
839,891,4.7425
840,892,5.3848
844,892,13.053
853,893,6.9046
854,894,1.9352
860,895,4.7418
843,896,2.405
861,897,7.1808
850,898,4.3498
849,899,2.8155
858,900,3.2944
836,901,0.47509
866,902,6.233
862,903,5.7819
873,904,5.7944
864,905,7.2742
856,906,5.8232
867,907,4.4224
859,908,6.3726
869,909,8.3037
857,910,6.6193
863,911,6.1479
847,912,4.5394
872,913,2.6492
848,914,9.2153
855,915,9.0074
837,916,4.9529
877,917,8.9108
868,918,6.5902
876,919,8.7148
875,920,7.2434
881,921,3.5304
888,922,6.4542
878,923,3.8179
894,924,0.78262
885,925,3.3853
896,926,2.6151
889,927,4.3886
880,928,3.8747
879,929,2.8216
883,930,2.7999
901,931,1.5982
904,932,4.5726
891,933,3.9379
893,934,5.9213
915,935,5.7013
895,936,6.1789
885,937,12.31
886,937,3.4844
898,938,5.3462
908,939,6.2559
882,940,5.3477
890,941,6.3479
887,942,6.7681
884,943,4.9657
910,944,6.8613
903,945,4.604
916,946,5.5865
913,947,0.82908
902,948,5.1971
911,949,4.037
909,950,5.4326
907,951,6.1408
906,952,5.7264
900,953,4.4848
917,954,7.1913
905,955,8.4222
914,956,9.4083
897,957,6.5509
919,959,10.054
920,960,7.3436
923,961,7.3029
921,962,2.0218
929,963,1.2404
954,964,6.9264
928,965,3.4576
933,966,1.0629
941,967,7.9909
922,968,5.9746
943,969,3.4026
931,970,1.9296
927,971,3.9583
935,972,5.441
924,973,1.5764
925,974,1.3725
925,975,14.729
937,975,1.5448
936,976,5.0607
939,977,5.6843
940,978,5.3128
930,979,1.6493
951,980,5.7792
932,981,4.5663
926,982,1.1177
938,983,6.0715
956,984,7.9436
944,985,8.5571
957,986,7.4316
949,987,4.2457
942,988,7.074
945,989,6.9254
959,990,7.5775
950,991,5.0445
953,992,5.4686
946,993,6.0881
952,994,5.0227
947,995,1.217
948,996,4.4863
958,997,6.9116
955,998,6.9046
934,1000,7.6781
960,1001,8.0598
961,1002,5.9332
989,1002,13.344
979,1003,2.7559
978,1004,6.3725
966,1005,0.70695
981,1006,3.7031
976,1007,6.3491
964,1008,3.7399
963,1009,1.8227
965,1010,1.9577
972,1011,4.7954
978,1011,14.864
962,1012,1.528
974,1013,1.3215
969,1014,5.3144
999,1015,6.2938
973,1016,0.90858
982,1017,1.7086
997,1018,6.4555
974,1019,14.053
975,1019,1.4281
991,1020,7.7856
971,1021,5.2865
977,1022,4.5088
967,1023,7.3355
970,1024,0.82784
987,1025,5.0361
968,1026,7.43
984,1027,6.4093
989,1028,6.0345
995,1029,0.92906
996,1030,4.1263
988,1031,5.9171
983,1032,5.4277
994,1033,5.2407
992,1034,7.4011
998,1035,7.691
980,1036,5.4889
986,1037,8.0093
990,1038,5.2324
985,1039,9.1335
993,1040,4.7915
1000,1041,8.5269
1001,1042,7.1227
1009,1043,1.3374
1010,1044,4.9327
1005,1045,4.1792
1004,1046,11.153
1016,1047,0.84681
1013,1048,1.4286
1002,1049,3.8118
1010,1049,14.273
1008,1050,3.1813
1007,1051,3.5569
1036,1052,3.4119
1017,1053,1.5144
1037,1054,7.7659
1012,1055,4.1655
1031,1056,3.1667
1003,1057,3.3984
1024,1058,0.99252
1013,1059,14.083
1019,1059,1.7218
1014,1060,4.8739
1004,1061,13.615
1011,1061,5.1269
1025,1062,7.1462
1032,1063,6.2083
1015,1064,3.8321
1018,1065,4.6068
1026,1066,7.9904
1030,1067,5.6564
1034,1068,5.2018
1023,1069,4.5773
1020,1070,7.0738
1027,1071,9.9075
1033,1072,5.9168
1028,1073,7.3715
1006,1074,5.1538
1022,1075,4.9172
1041,1076,6.9911
1038,1077,7.3085
1035,1078,6.9145
1029,1079,1.2038
1021,1080,7.579
1040,1081,5.7854
1039,1082,7.3329
1042,1083,7.7525
1058,1084,0.73243
1044,1085,1.3494
1048,1086,1.8321
1052,1087,3.016
1049,1088,6.0045
1065,1089,5.1372
1043,1090,0.93085
1046,1091,9.7889
1050,1092,2.569
1045,1093,1.9054
1047,1094,0.7675
1057,1095,0.98736
1056,1096,6.678
1054,1097,8.0663
1055,1098,2.823
1074,1099,5.0144
1060,1100,3.0366
1046,1101,13.463
1061,1101,6.2132
1064,1102,4.9799
1072,1103,2.4863
1048,1104,13.513
1059,1104,2.0572
1062,1105,6.2485
1063,1106,5.5568
1051,1107,7.8175
1069,1108,3.947
1051,1109,13.577
1067,1109,3.7262
1078,1110,7.2253
1053,1111,1.5686
1070,1112,6.3409
1073,1113,7.5355
1071,1114,7.1769
1079,1115,0.99063
1077,1116,6.1492
1080,1117,5.9911
1066,1118,8.8227
1068,1119,4.7092
1075,1120,4.7408
1076,1121,7.9687
1081,1122,7.1294
1082,1123,5.5034
1083,1124,7.2348
1100,1125,2.6487
1090,1126,1.7024
1092,1127,1.3232
1093,1128,4.6345
1096,1129,3.2567
1089,1130,5.4531
1095,1131,2.676
1101,1132,3.575
1094,1133,1.4003
1097,1134,7.5851
1085,1135,5.0827
1102,1136,2.6449
1084,1137,1.5581
1085,1138,13.74
1088,1138,6.9309
1118,1139,7.8997
1087,1140,3.6669
1086,1141,2.9519
1115,1142,1.2473
1086,1143,13.842
1104,1143,3.0507
1103,1144,5.7607
1098,1145,4.6087
1106,1146,7.3487
1111,1147,1.6143
1091,1148,7.3282
1110,1149,10.309
1109,1150,7.2045
1107,1151,8.9946
1099,1152,4.2384
1113,1153,6.2987
1105,1154,6.3474
1112,1155,5.4307
1114,1156,7.7097
1123,1157,7.4782
1117,1158,6.1242
1108,1159,7.5189
1119,1160,5.7047
1121,1161,7.9988
1122,1163,5.5957
1124,1164,6.2146
1116,1165,4.0028
1125,1166,14.787
1127,1166,2.5492
1128,1167,4.2612
1156,1168,8.6036
1129,1169,3.7131
1137,1170,0.80567
1130,1171,7.5046
1138,1172,6.0357
1135,1173,6.2612
1139,1174,8.9173
1126,1175,1.3937
1131,1176,0.2283
1146,1177,5.9792
1162,1178,2.6366
1133,1179,0.44114
1132,1180,7.259
1144,1181,4.1218
1148,1182,5.0774
1136,1183,5.9951
1141,1184,14.044
1143,1184,0.92504
1151,1185,8.3065
1141,1186,1.77
1125,1187,4.9865
1142,1188,1.6652
1140,1189,3.9552
1160,1190,6.1438
1152,1191,4.4169
1153,1192,6.1911
1155,1193,6.3568
1134,1194,7.6803
1149,1195,6.5543
1158,1196,6.5993
1150,1197,6.4494
1147,1198,1.5092
1145,1199,5.1131
1157,1200,6.7552
1154,1201,5.1866
1161,1202,9.1755
1163,1203,9.2979
1159,1204,7.201
1164,1205,5.8591
1169,1206,4.8325
1167,1207,7.6174
1189,1208,2.9172
1170,1209,1.7
1166,1210,1.6664
1174,1211,8.4205
1179,1212,0.52999
1186,1213,2.736
1204,1214,7.0992
1177,1215,5.6771
1176,1216,0.91879
1178,1217,5.0618
1185,1218,7.5764
1175,1219,1.776
1171,1220,3.5971
1173,1221,5.7217
1190,1222,5.17
1188,1223,1.3529
1183,1224,5.519
1200,1225,7.8098
1172,1226,6.8782
1201,1227,4.6319
1199,1228,7.8583
1184,1229,3.7159
1186,1229,12.67
1181,1230,5.8794
1187,1231,4.9322
1192,1232,4.3889
1195,1233,5.1576
1168,1234,7.1286
1193,1235,6.2215
1197,1236,4.7925
1180,1237,9.0946
1194,1238,8.1434
1182,1239,8.2148
1198,1240,2.1116
1196,1241,8.5996
1203,1242,6.1428
1202,1243,7.1439
1205,1244,6.4401
1216,1245,2.3791
1211,1246,6.8478
1208,1247,4.5999
1207,1248,5.5422
1209,1249,1.1361
1233,1250,4.7872
1220,1251,1.7624
1206,1252,14.445
1210,1252,3.7769
1206,1253,5.1328
1219,1254,1.3354
1226,1255,9.1965
1215,1256,8.5475
1214,1257,7.8532
1222,1258,5.2576
1218,1259,6.0394
1231,1260,3.6039
1223,1261,0.45208
1213,1262,12.067
1229,1262,3.3875
1217,1263,4.1615
1243,1264,5.7584
1232,1265,3.325
1224,1266,4.9963
1227,1267,4.0641
1213,1268,2.4515
1221,1269,4.847
1239,1270,6.9124
1228,1271,7.3565
1230,1272,3.4105
1212,1273,1.4105
1241,1274,7.9413
1234,1275,7.4313
1235,1276,5.4156
1225,1277,6.949
1240,1278,0.94149
1238,1279,7.261
1236,1280,4.7945
1242,1281,6.5608
1244,1282,4.8509
1245,1283,1.1556
1246,1284,4.9241
1263,1285,4.1821
1247,1286,3.9057
1256,1287,4.8852
1268,1287,14.233
1249,1288,2.7487
1254,1288,14.795
1250,1289,4.694
1248,1290,4.0332
1253,1291,6.68
1252,1292,4.8412
1253,1292,13.497
1271,1293,14.895
1274,1293,4.1152
1259,1294,3.7576
1251,1295,3.6127
1267,1295,14.558
1266,1296,4.9775
1270,1297,5.4664
1255,1298,6.5857
1269,1299,4.7543
1258,1300,5.683
1262,1301,2.8363
1268,1301,13.734
1280,1302,5.6342
1260,1303,6.065
1273,1304,0.16275
1275,1305,6.932
1254,1306,1.0289
1271,1307,6.503
1265,1308,6.8451
1281,1309,4.951
1267,1310,7.7269
1261,1311,0.54773
1272,1312,3.871
1257,1313,3.4147
1276,1314,8.154
1277,1315,5.797
1264,1316,5.9697
1279,1317,7.714
1282,1318,7.1685
1278,1319,0.27188
1268,1320,3.7986
1290,1321,4.3926
1309,1322,4.9688
1288,1323,1.5623
1306,1323,13.974
1291,1324,4.8622
1286,1325,5.7667
1299,1326,4.4151
1301,1327,3.5508
1320,1327,12.251
1284,1328,6.2135
1308,1328,14.269
1285,1329,6.0364
1283,1330,2.6599
1298,1331,5.4158
1303,1332,7.0358
1291,1333,14.718
1292,1333,5.7888
1304,1334,0.83348
1302,1335,7.5455
1295,1336,3.8749
1285,1337,12.46
1313,1337,5.6565
1312,1338,2.6693
1308,1339,6.9424
1296,1340,5.418
1287,1341,5.332
1293,1342,2.9716
1311,1343,0.94448
1307,1344,5.6494
1300,1346,5.4855
1316,1347,5.6601
1289,1348,5.9809
1317,1349,7.1933
1305,1350,7.8215
1294,1351,7.5569
1318,1352,3.6938
1314,1353,4.847
1315,1354,6.3782
1310,1355,5.9525
1297,1356,4.36
1304,1357,14.78
1319,1357,1.096
1334,1359,1.7324
1357,1359,14.079
1351,1360,9.5438
1323,1361,2.7941
1357,1361,14.518
1326,1362,3.4545
1338,1363,1.7669
1330,1364,2.3945
1322,1365,3.9234
1328,1366,5.905
1339,1366,14.911
1332,1367,6.8815
1337,1368,6.0131
1331,1369,6.9414
1342,1370,3.4728
1343,1371,2.9364
1321,1372,2.7124
1346,1373,7.0226
1324,1374,3.323
1327,1375,3.0539
1329,1376,5.0555
1344,1377,6.9565
1345,1378,4.5317
1333,1379,4.0159
1347,1380,7.0395
1336,1381,5.2037
1350,1382,7.981
1340,1383,6.1124
1325,1384,2.0857
1352,1385,2.9582
1341,1386,5.2097
1335,1387,5.4163
1339,1388,8.9776
1348,1390,5.8492
1349,1391,5.841
1354,1392,6.3564
1353,1393,7.6329
1376,1395,3.1862
1372,1396,3.9415
1365,1397,1.2716
1362,1398,3.3089
1361,1399,1.3836
1369,1400,7.069
1366,1401,6.6153
1388,1401,13.005
1378,1402,5.3106
1380,1403,5.8212
1360,1404,5.1566
1393,1405,4.7814
1374,1406,2.7476
1364,1407,2.9402
1371,1408,1.0476
1375,1409,2.5981
1367,1410,2.3038
1363,1411,3.8262
1381,1412,6.9857
1377,1413,6.0851
1373,1414,4.9396
1359,1415,0.20526
1386,1416,2.2702
1389,1417,2.6056
1394,1418,2.0406
1379,1419,5.9469
1387,1420,5.4314
1385,1421,3.6322
1383,1422,6.4575
1384,1423,2.7721
1370,1424,4.3172
1388,1425,6.6337
1390,1426,7.8788
1391,1427,4.8572
1392,1428,6.7269
1400,1430,6.2905
1407,1431,2.741
1399,1432,2.6493
1406,1433,5.2628
1404,1434,6.8186
1403,1435,4.1241
1411,1436,3.6497
1396,1437,4.1362
1405,1438,5.8712
1412,1439,5.4659
1395,1440,1.2682
1397,1441,5.4193
1416,1442,2.2981
1401,1443,5.0643
1425,1443,12.746
1398,1444,1.7693
1410,1445,4.7825
1408,1446,0.98068
1413,1447,5.9652
1415,1448,1.6267
1428,1449,7.3171
1402,1450,6.7902
1418,1451,1.9916
1414,1452,4.9604
1417,1453,3.1505
1424,1454,4.1457
1426,1455,5.2819
1420,1456,7.3525
1429,1457,3.9471
1423,1458,3.1391
1421,1459,6.2106
1427,1460,7.5035
1419,1461,7.7133
1422,1462,4.7427
1443,1463,7.7355
1440,1464,2.0384
1451,1465,1.9317
1445,1466,5.2188
1444,1467,3.7334
1436,1468,3.9885
1434,1469,6.1926
1437,1470,4.7225
1448,1471,1.0439
1432,1472,0.75755
1458,1473,3.8433
1441,1474,4.4873
1442,1475,1.9277
1433,1476,4.1873
1431,1477,2.7616
1453,1478,2.4743
1438,1479,4.5302
1457,1480,3.7078
1446,1481,0.069611
1439,1482,6.9751
1430,1483,6.2488
1447,1484,8.1203
1435,1485,8.0566
1450,1486,6.2579
1459,1487,2.5722
1449,1488,7.65
1456,1489,4.687
1454,1490,5.6406
1460,1491,7.7122
1455,1492,7.8859
1452,1493,5.5092
1461,1494,7.9625
1465,1495,5.5303
1477,1496,1.8738
1466,1497,3.1831
1472,1498,1.9796
1473,1499,2.3309
1484,1500,4.317
1485,1501,5.2491
1467,1502,2.9587
1469,1503,8.8845
1470,1504,3.6397
1471,1505,1.7076
1468,1506,3.1973
1482,1507,4.1226
1475,1508,1.005
1463,1509,7.5689
1487,1510,4.0002
1478,1511,2.8785
1493,1512,6.3675
1476,1513,4.1654
1483,1514,6.0286
1464,1515,4.0495
1480,1516,3.8352
1479,1517,4.9742
1481,1519,2.0668
1491,1520,6.4869
1486,1521,4.7832
1490,1522,5.6986
1492,1523,7.4708
1489,1524,4.7797
1474,1525,5.2576
1488,1526,7.7337
1494,1527,4.844
1500,1528,4.3928
1496,1529,0.85703
1498,1530,1.9115
1497,1531,4.3472
1513,1532,3.2539
1503,1533,9.5857
1516,1534,0.1313
1501,1535,6.6559
1495,1536,4.3783
1505,1537,0.98999
1511,1538,3.3099
1504,1539,3.4125
1521,1540,6.4573
1515,1541,4.5897
1502,1542,5.1968
1522,1543,5.1061
1510,1544,3.2501
1508,1545,2.4783
1518,1546,6.6913
1507,1547,5.1339
1514,1548,5.9083
1517,1549,4.124
1523,1550,8.9794
1520,1551,4.8225
1499,1552,3.6839
1525,1553,6.9546
1506,1554,4.1227
1512,1555,7.0354
1509,1556,4.195
1526,1557,7.6204
1519,1558,2.2357
1524,1559,3.6092
1527,1560,6.6444
1533,1561,8.8976
1538,1562,3.3307
1546,1563,6.744
1531,1564,4.1914
1548,1565,6.5313
1553,1566,3.4547
1545,1567,1.6238
1534,1568,3.5439
1546,1568,13.615
1529,1569,2.1686
1547,1570,7.1208
1536,1571,1.7513
1535,1572,5.9121
1530,1573,1.8154
1554,1574,4.6059
1541,1575,3.0258
1558,1576,2.6836
1528,1577,5.4188
1532,1578,4.522
1544,1579,4.3626
1542,1580,3.9467
1537,1581,2.2546
1550,1582,7.0114
1543,1583,3.3789
1552,1584,1.6047
1539,1585,3.4727
1540,1586,6.2336
1551,1587,4.9377
1549,1588,3.8305
1555,1589,4.9521
1559,1590,4.8524
1557,1591,6.3878
1560,1592,7.0068
1578,1593,3.2168
1583,1594,5.816
1574,1595,2.4867
1577,1596,5.4342
1563,1597,6.8248
1570,1597,14.999
1562,1598,5.0249
1587,1599,3.9625
1581,1600,0.90548
1580,1601,1.7748
1561,1602,8.4597
1572,1602,14.444
1569,1603,3.6158
1570,1604,8.7155
1586,1605,5.269
1573,1606,1.3514
1582,1607,4.9845
1575,1608,3.9811
1572,1609,5.5719
1591,1610,7.6413
1565,1611,4.9474
1567,1612,1.5381
1563,1613,12.746
1568,1613,6.6202
1589,1614,4.472
1584,1615,1.8483
1566,1616,4.5147
1571,1617,3.8352
1579,1618,2.9944
1585,1619,4.6319
1576,1620,0.97003
1564,1621,5.1901
1590,1622,4.962
1588,1623,4.4044
1592,1624,6.7131
1611,1626,5.7087
1606,1627,1.3602
1596,1628,6.4279
1595,1629,3.8479
1598,1630,6.1098
1613,1631,4.8108
1593,1632,3.8109
1617,1633,3.0468
1599,1634,2.755
1600,1635,0.92992
1601,1636,2.2341
1604,1637,8.832
1612,1638,1.7844
1623,1639,6.7379
1615,1640,1.9459
1603,1641,2.2081
1607,1642,5.2253
1602,1643,3.9331
1594,1644,3.8296
1608,1645,3.3618
1624,1646,3.7772
1609,1647,5.778
1605,1648,3.7456
1619,1649,5.3913
1614,1650,7.3761
1616,1651,6.3306
1597,1652,8.9663
1604,1652,14.543
1620,1653,0.94584
1622,1654,6.3416
1610,1655,7.5561
1625,1656,4.407
1618,1657,3.2064
1628,1658,6.1721
1629,1659,3.8101
1627,1660,2.0877
1626,1661,5.3774
1632,1662,4.8018
1634,1663,4.1669
1641,1664,1.4826
1645,1665,3.5745
1640,1666,1.0475
1648,1667,4.6337
1637,1668,9.0504
1643,1669,7.8062
1630,1670,3.898
1646,1671,5.3037
1636,1672,2.4315
1633,1673,2.0657
1638,1674,5.4693
1650,1675,7.1112
1655,1676,7.1108
1635,1677,0.99453
1653,1678,1.8757
1642,1679,5.6012
1644,1680,4.7859
1654,1681,6.6851
1647,1682,6.515
1639,1683,5.467
1649,1684,6.5331
1656,1685,5.6427
1637,1686,11.947
1652,1686,11.866
1651,1687,5.2006
1631,1688,3.406
1661,1689,4.7143
1658,1690,4.7929
1677,1691,0.72086
1674,1692,3.1174
1659,1693,4.5901
1680,1694,6.6745
1660,1695,0.84456
1670,1696,5.9008
1662,1697,5.5327
1665,1698,3.8063
1673,1699,3.1355
1682,1700,6.3729
1663,1701,7.2931
1678,1702,1.821
1668,1703,9.1267
1667,1704,5.2948
1676,1705,6.7297
1669,1706,6.1291
1672,1707,2.7205
1683,1708,6.282
1664,1709,1.8016
1679,1710,4.3019
1666,1711,2.9842
1669,1713,13.622
1675,1713,5.8157
1681,1714,5.6661
1685,1715,4.0981
1671,1716,5.1683
1684,1717,7.2755
1668,1718,9.6511
1686,1718,12.791
1687,1719,4.762
1690,1720,3.6589
1706,1721,9.6578
1692,1722,5.8271
1693,1723,5.4537
1710,1724,4.9292
1695,1725,1.739
1709,1726,1.9662
1689,1727,3.8461
1711,1728,3.724
1698,1729,7.2017
1714,1730,4.6819
1696,1731,3.8256
1700,1732,8.886
1701,1733,7.3753
1703,1734,11.275
1717,1735,6.2471
1697,1736,6.0276
1694,1737,5.6156
1708,1738,4.8608
1706,1739,11.065
1713,1739,8.1699
1691,1740,0.41752
1705,1741,7.1519
1699,1742,3.2064
1715,1743,3.9416
1704,1744,5.0644
1712,1745,6.0657
1702,1746,1.8074
1716,1747,4.22
1707,1748,5.2546
1719,1749,6.0055
1703,1750,10.417
1718,1750,8.3155
1723,1751,4.524
1722,1752,6.0315
1721,1753,8.8902
1729,1754,4.4449
1731,1755,2.1343
1734,1756,7.6469
1728,1757,1.0917
1727,1758,6.9986
1720,1759,4.0343
1721,1759,14.278
1726,1760,2.5704
1737,1761,6.2312
1740,1762,0.26269
1738,1763,6.3188
1725,1764,1.0648
1743,1765,4.0949
1724,1766,1.9978
1748,1767,3.9529
1739,1768,4.0973
1742,1769,3.0468
1736,1770,5.9238
1730,1771,4.8478
1733,1772,9.8971
1744,1773,4.5896
1745,1774,4.4473
1746,1775,0.47957
1735,1776,3.9997
1734,1777,12.247
1750,1777,10.37
1732,1778,7.489
1749,1779,2.6042
1747,1780,3.0313
1741,1781,5.0918
1772,1782,7.8229
1753,1783,13.607
1759,1783,5.1506
1769,1784,2.7448
1757,1785,2.2444
1760,1786,0.94034
1766,1787,4.3154
1751,1788,4.2112
1762,1789,0.74142
1758,1790,5.7203
1754,1791,3.1018
1761,1792,4.354
1756,1793,9.9861
1755,1794,4.1986
1763,1795,5.8993
1775,1796,1.4586
1753,1797,8.0264
1765,1798,3.9712
1773,1799,4.8766
1764,1800,1.1334
1767,1801,4.2432
1774,1802,5.4004
1770,1803,7.358
1780,1804,3.5561
1752,1805,8.1302
1776,1806,4.6792
1768,1807,5.0876
1771,1808,5.1188
1778,1809,6.0411
1756,1810,8.6736
1777,1810,12.138
1779,1811,3.6239
1794,1812,4.0126
1793,1813,4.1143
1786,1814,2.9314
1783,1815,3.19
1797,1816,8.6732
1807,1817,3.506
1808,1818,4.5808
1799,1819,5.6299
1790,1820,6.4048
1785,1821,1.6353
1792,1822,6.8435
1800,1823,1.1428
1788,1824,2.9454
1795,1825,5.3682
1803,1826,4.7745
1809,1827,5.1475
1784,1828,0.39235
1804,1829,3.0016
1782,1830,6.4451
1791,1831,6.4595
1787,1832,6.7155
1796,1833,1.5679
1806,1834,6.414
1789,1835,1.075
1798,1836,7.109
1802,1837,4.1163
1801,1838,3.552
1805,1839,6.4806
1810,1840,10.637
1811,1841,6.3891
1815,1842,3.771
1814,1843,2.2147
1813,1844,4.3977
1821,1845,2.9686
1830,1845,13.9
1828,1846,0.84188
1820,1847,6.3727
1817,1848,3.5335
1812,1849,4.2878
1827,1850,2.2972
1819,1851,6.3478
1835,1852,0.65547
1830,1853,6.9617
1818,1854,3.7095
1816,1855,9.1739
1839,1856,7.8052
1824,1857,2.3753
1836,1858,5.2792
1833,1859,0.26547
1832,1860,3.7139
1823,1861,1.4213
1822,1862,4.086
1837,1863,5.6036
1826,1864,5.9681
1831,1865,6.6684
1825,1866,7.1475
1840,1867,8.2449
1829,1868,4.9204
1838,1869,4.9528
1834,1870,4.4652
1845,1871,3.7806
1853,1871,13.562
1849,1872,4.3664
1847,1873,7.5081
1860,1874,7.5598
1866,1875,5.6996
1852,1876,1.2289
1869,1877,3.1125
1842,1878,5.0139
1844,1879,5.1301
1843,1880,3.1895
1857,1881,1.9201
1846,1882,2.9453
1858,1883,5.8011
1850,1884,4.1284
1854,1885,3.725
1843,1886,14.564
1853,1886,5.0048
1865,1887,3.9783
1851,1888,5.4504
1855,1889,8.5009
1861,1890,1.1301
1862,1891,4.2629
1859,1892,0.4558
1848,1893,5.2619
1864,1894,5.9594
1868,1895,3.5257
1856,1896,6.1207
1870,1897,5.5533
1863,1898,4.089
1867,1899,12.297
1882,1900,5.308
1871,1901,3.9339
1886,1901,13.738
1885,1902,3.631
1884,1903,4.7649
1893,1904,5.5496
1879,1905,4.9185
1875,1906,7.0423
1876,1907,0.65055
1896,1908,5.5052
1873,1909,6.5215
1887,1910,5.8514
1872,1911,5.1415
1883,1912,7.5889
1882,1913,14.314
1889,1913,5.9083
1874,1914,6.6078
1880,1915,3.2587
1891,1916,3.8679
1888,1917,6.2125
1881,1918,3.6496
1895,1919,4.2554
1890,1920,0.76496
1878,1921,7.4103
1880,1922,14.054
1886,1922,5.9661
1877,1923,5.9185
1898,1924,6.8864
1894,1925,6.6352
1892,1926,1.4762
1897,1927,5.4298
1899,1928,12.585
1901,1930,1.8679
1908,1931,6.7192
1900,1932,2.8632
1911,1933,5.6487
1911,1934,14.351
1921,1934,7.5864
1905,1935,5.7869
1907,1936,0.90903
1915,1937,4.4217
1908,1938,13.979
1914,1938,5.3776
1923,1939,5.8434
1909,1940,6.351
1918,1941,5.0726
1910,1942,2.5778
1919,1943,5.4382
1902,1944,2.1836
1906,1945,4.4962
1904,1946,4.2978
1912,1947,6.7845
1925,1948,4.9997
1916,1949,5.1317
1915,1950,13.931
1922,1950,4.9516
1913,1951,6.7706
1927,1952,5.429
1920,1953,0.37327
1924,1954,4.234
1903,1955,7.3859
1917,1956,7.786
1926,1957,1.2662
1928,1958,11.077
1942,1959,4.3409
1945,1960,6.108
1934,1961,6.9171
1937,1962,3.5365
1941,1963,3.354
1944,1964,4.762
1939,1965,4.0252
1937,1966,14.085
1950,1966,4.8623
1933,1967,5.5507
1936,1968,1.3103
1932,1969,1.9882
1951,1970,6.3123
1931,1971,7.9231
1948,1972,4.6873
1940,1973,6.2475
1931,1974,11.384
1938,1974,6.374
1949,1975,5.5419
1953,1976,1.9427
1935,1977,7.3247
1947,1978,4.656
1946,1979,5.0058
1952,1980,3.6923
1930,1981,2.5101
1943,1982,4.4801
1957,1983,1.3429
1954,1984,4.5661
1956,1985,8.1299
1958,1986,14.353
1955,1987,3.5605
1936,1988,14.765
1962,1989,14.082
1966,1989,7.1521
1969,1990,14.249
1970,1990,6.3818
1963,1991,2.0869
1969,1992,2.8948
1959,1993,5.0833
1975,1994,6.2629
1973,1995,5.8607
1979,1996,5.5774
1960,1997,6.2995
1961,1998,6.5134
1967,1999,4.2526
1962,2000,4.3568
1968,2001,1.3937
1972,2002,5.8868
1965,2003,7.1117
1982,2004,3.6414
1983,2005,1.9393
1964,2006,3.3373
1971,2007,5.0444
1971,2008,13.759
1974,2008,6.4221
1980,2009,4.0942
1981,2010,4.1158
1976,2011,0.55198
1977,2012,6.3981
1984,2013,6.5724
1978,2014,5.9756
1988,2015,0.57902
1985,2016,6.565
1986,2017,13.877
1998,2018,8.4746
2000,2019,2.3957
1993,2020,4.9248
2008,2021,8.5973
1992,2022,2.5337
1989,2023,5.4145
1997,2024,5.3747
1996,2025,3.4576
2001,2026,1.67
1994,2027,6.6682
2006,2028,5.3606
1991,2029,1.8547
1990,2030,6.079
2007,2031,1.2474
1999,2032,7.0402
2009,2033,2.8996
2011,2034,1.9206
2004,2035,5.7182
1995,2036,4.7014
2002,2037,5.0578
2005,2038,0.552
2013,2039,6.9237
2014,2040,3.9938
2003,2041,1.9233
2012,2042,6.3715
2015,2043,1.6501
2010,2044,5.1334
2017,2045,12.122
2016,2046,7.386
2018,2047,6.7876
2020,2048,5.8908
2029,2049,4.9791
2026,2050,1.4456
2024,2051,7.5457
2033,2052,4.6213
2023,2053,6.9931
2019,2054,0.93916
2037,2055,3.9562
2021,2056,6.6682
2030,2057,7.0249
2025,2058,14.927
2027,2058,7.2332
2032,2059,6.0871
2022,2060,0.44449
2025,2061,5.8927
2034,2062,1.3791
2041,2063,4.7361
2042,2064,7.8237
2039,2065,8.1726
2038,2066,1.2913
2028,2067,4.0115
2031,2068,4.3429
2043,2069,2.1441
2035,2070,4.3208
2040,2071,5.1223
2036,2073,4.6836
2045,2074,12.936
2044,2075,5.3616
2059,2077,8.3
2048,2078,3.5774
2050,2079,1.3993
2049,2080,1.9707
2060,2081,0.66676
2058,2082,4.9497
2061,2082,14.292
2047,2083,3.0602
2062,2084,2.1076
2071,2085,6.7252
2061,2086,3.9916
2052,2087,2.7255
2070,2088,4.1235
2066,2089,0.58798
2072,2090,4.5369
2054,2091,1.9035
2067,2092,5.1944
2069,2093,1.0546
2064,2094,6.1021
2055,2095,4.9074
2076,2096,2.6338
2051,2097,7.9703
2053,2098,4.767
2057,2099,6.901
2063,2100,4.7235
2068,2101,4.227
2065,2102,3.4082
2056,2103,9.2021
2075,2104,6.755
2074,2106,13.589
2077,2107,5.8645
2081,2108,2.5535
2080,2109,3.9307
2079,2110,1.0491
2078,2111,5.0325
2094,2112,8.2607
2087,2113,1.9897
2089,2114,0.89791
2082,2115,5.9947
2086,2115,13.583
2086,2116,5.3411
2105,2117,2.0662
2106,2118,13.152
2091,2119,1.7785
2100,2120,2.2091
2092,2121,3.5849
2096,2122,4.5202
2098,2123,5.5776
2097,2124,5.576
2103,2125,6.8029
2088,2126,1.5555
2093,2127,1.3262
2095,2128,6.021
2101,2129,6.7259
2084,2130,0.6134
2099,2131,5.3758
2090,2132,1.7848
2102,2133,4.8924
2085,2134,6.008
2104,2135,5.8836
2083,2136,1.1128
2111,2137,5.3536
2113,2138,2.6194
2118,2139,9.2363
2107,2140,5.4309
2127,2141,1.9807
2132,2142,2.5733
2109,2143,3.9948
2108,2144,2.5716
2120,2145,5.9192
2124,2146,4.6961
2117,2147,2.9829
2110,2148,1.9351
2130,2149,1.9762
2121,2150,3.2714
2112,2151,6.7362
2115,2152,5.6319
2128,2153,5.6507
2125,2154,9.0465
2129,2155,6.3655
2114,2156,1.5067
2122,2157,5.7569
2116,2158,3.2801
2119,2159,2.0105
2126,2160,2.6479
2133,2161,3.782
2134,2162,3.9017
2123,2163,7.0509
2135,2164,8.9037
2140,2165,6.3187
2144,2166,3.1724
2153,2167,5.2649
2148,2168,1.5809
2147,2169,6.8022
2143,2170,2.2977
2145,2171,3.1281
2161,2172,5.3824
2139,2173,7.3971
2149,2174,1.181
2151,2175,4.1105
2138,2176,2.5378
2141,2177,1.4881
2142,2178,1.9701
2137,2179,4.905
2146,2180,7.3888
2154,2181,3.8726
2159,2182,2.3007
2156,2183,1.5996
2155,2184,3.911
2158,2185,6.1587
2160,2186,4.2021
2152,2187,4.3322
2150,2188,4.5155
2157,2189,5.6807
2163,2190,5.985
2162,2191,4.4952
2164,2192,7.3148
2171,2194,5.0625
2166,2195,1.6969
2165,2196,4.1072
2177,2197,0.89595
2173,2198,9.4924
2167,2199,4.1488
2170,2200,3.5421
2176,2201,3.873
2175,2202,6.4784
2174,2203,1.0747
2179,2204,4.1442
2182,2205,1.5304
2169,2206,5.8812
2186,2207,4.8653
2168,2208,0.89174
2181,2209,2.4282
2187,2210,6.423
2178,2211,0.29293
2184,2212,5.1422
2172,2213,3.7393
2180,2214,6.9882
2189,2215,6.6122
2188,2216,3.6961
2190,2217,7.7862
2191,2218,3.6227
2193,2219,5.6772
2192,2220,5.3112
2185,2221,6.9248
2183,2222,0.96221
2196,2223,1.4817
2211,2224,2.025
2194,2225,1.5342
2213,2226,5.783
2197,2227,0.81928
2206,2228,4.876
2201,2229,4.4677
2195,2230,2.4753
2198,2231,8.7745
2222,2232,2.9193
2200,2233,2.4438
2208,2234,0.54959
2203,2235,0.41782
2215,2236,7.1091
2207,2237,4.2558
2202,2238,6.6575
2219,2239,5.8603
2209,2240,2.5829
2213,2240,14.318
2199,2241,4.058
2204,2242,6.9248
2214,2243,5.123
2216,2244,2.3556
2217,2245,6.0625
2210,2246,9.9443
2212,2247,5.5016
2205,2248,2.562
2221,2249,3.077
2220,2250,7.2066
2218,2252,2.6371
2223,2253,2.1927
2229,2254,3.6421
2225,2255,2.941
2227,2256,1.0619
2249,2257,4.198
2244,2258,6.3104
2226,2259,13.914
2240,2259,4.873
2238,2260,6.2337
2248,2261,3.123
2230,2262,2.2895
2226,2263,7.8942
2237,2264,3.8504
2241,2265,8.501
2228,2266,4.4292
2224,2267,2.2506
2231,2268,7.1356
2236,2269,5.0999
2234,2270,0.70069
2239,2271,3.6843
2242,2272,3.7713
2235,2273,1.7911
2251,2274,7.1145
2246,2275,5.2248
2233,2276,3.456
2232,2277,1.5253
2247,2278,5.0017
2245,2279,8.5278
2243,2280,5.2167
2252,2282,5.5021
2250,2283,3.7369
2253,2284,5.3777
2265,2284,13.667
2262,2285,2.6802
2256,2286,4.1059
2268,2287,8.593
2261,2288,2.9748
2254,2289,14.582
2267,2289,3.2671
2273,2290,2.3705
2271,2291,3.9929
2274,2292,5.737
2265,2293,7.9404
2266,2294,4.4161
2254,2295,2.9178
2255,2296,3.5795
2258,2297,3.777
2270,2298,3.6665
2259,2299,4.6843
2275,2300,5.9739
2260,2301,5.9759
2264,2302,5.4
2280,2303,6.8714
2278,2304,4.6852
2279,2305,7.2436
2281,2306,6.7857
2257,2307,3.9842
2277,2308,1.9771
2269,2309,5.1682
2263,2310,7.8635
2283,2311,4.588
2276,2312,4.4885
2282,2313,6.2661
2272,2314,2.6863
2284,2315,5.9437
2285,2316,1.552
2287,2317,10.028
2289,2318,2.8395
2295,2318,14.856
2284,2319,14.635
2296,2319,4.9553
2290,2320,1.2441
2297,2321,4.8786
2294,2322,5.3292
2286,2323,0.56609
2298,2324,0.97865
2302,2325,7.0436
2308,2326,1.4203
2307,2327,4.7861
2293,2328,6.7387
2291,2329,6.5647
2299,2330,6.5968
2301,2331,5.1164
2288,2332,5.5614
2292,2333,5.2522
2305,2334,6.8174
2295,2335,2.3747
2303,2336,4.6669
2306,2337,6.5071
2304,2338,6.0599
2309,2339,5.1631
2310,2340,4.938
2300,2341,8.7412
2311,2342,5.4064
2313,2343,5.9968
2312,2344,3.6314
2317,2345,1.1503
2316,2346,2.6435
2323,2347,1.3183
2328,2348,7.1324
2332,2349,2.7465
2325,2350,5.0281
2318,2351,3.5369
2335,2351,13.995
2320,2352,2.2047
2321,2353,3.9473
2343,2354,6.8403
2315,2355,14.819
2319,2355,4.0895
2331,2356,5.386
2327,2357,2.9151
2336,2358,5.7754
2324,2359,1.7668
2338,2360,3.9393
2315,2361,6.204
2326,2362,1.2902
2333,2363,7.585
2339,2364,5.5538
2330,2365,7.7113
2340,2366,5.0786
2322,2367,1.8027
2344,2368,4.1282
2342,2369,4.3608
2337,2370,4.9022
2329,2371,6.5996
2335,2372,2.2408
2341,2373,6.1399
2334,2374,7.7194
2352,2375,1.4374
2345,2376,1.4594
2361,2377,5.8085
2351,2378,3.6374
2372,2378,12.432
2347,2379,1.9929
2355,2380,4.5572
2346,2381,2.3745
2349,2382,3.3523
2354,2383,3.7284
2348,2384,2.935
2357,2384,14.867
2350,2385,6.7777
2353,2386,4.5635
2367,2387,4.0999
2357,2388,2.3646
2358,2389,4.4723
2364,2390,6.4645
2373,2391,6.0926
2368,2392,4.4684
2359,2393,1.6527
2360,2394,6.6913
2374,2395,9.6416
2356,2396,5.387
2363,2397,7.7546
2362,2398,1.4586
2371,2399,7.4982
2366,2400,5.8285
2369,2402,3.7889
2365,2403,5.9188
2370,2404,7.1424
2377,2405,6.2278
2376,2406,2.4522
2379,2407,1.9951
2378,2408,2.3678
2381,2409,0.79628
2380,2410,5.4252
2387,2411,2.9779
2397,2412,5.6702
2389,2413,5.5714
2385,2414,3.6362
2384,2415,4.2033
2401,2416,3.342
2375,2417,2.6719
2393,2418,2.2142
2392,2419,7.3749
2396,2420,4.9393
2394,2421,5.5827
2388,2422,2.0552
2386,2423,6.4296
2390,2424,5.6181
2383,2425,5.1677
2382,2426,2.5264
2403,2427,6.6397
2395,2428,7.3735
2391,2429,8.5511
2398,2430,2.1508
2402,2431,3.6279
2400,2432,4.114
2404,2433,7.7548
2409,2434,2.3797
2406,2435,2.1552
2408,2436,2.7112
2414,2437,4.4219
2432,2437,12.268
2415,2438,1.8125
2407,2439,0.28726
2410,2440,3.9247
2421,2441,6.3557
2418,2442,0.50782
2411,2443,2.9619
2412,2444,7.8893
2426,2445,4.9501
2413,2446,3.1544
2422,2447,2.2858
2405,2448,5.9133
2424,2449,4.0947
2417,2450,0.89506
2416,2451,7.4666
2423,2451,14.483
2428,2452,7.7353
2420,2453,6.958
2425,2454,7.0791
2419,2455,5.4539
2431,2456,4.9561
2427,2457,4.3443
2430,2458,1.6486
2433,2459,8.0092
2432,2460,7.1771
2439,2461,1.5351
2437,2462,4.585
2436,2463,1.8404
2442,2464,1.6067
2441,2465,5.5749
2451,2466,7.6442
2448,2467,5.6596
2434,2468,1.8589
2447,2469,3.5506
2453,2470,3.3484
2443,2471,5.6124
2440,2472,5.0358
2438,2473,1.7682
2444,2474,6.6988
2452,2475,6.9002
2456,2476,3.2257
2445,2477,1.8402
2457,2478,4.681
2450,2479,1.0006
2459,2480,6.0541
2458,2481,1.1972
2454,2482,4.3772
2449,2483,6.0544
2460,2484,7.5136
2435,2485,6.2182
2446,2487,7.4475
2455,2488,4.9041
2463,2489,3.4982
2468,2490,14.916
2473,2490,3.1562
2461,2491,1.7096
2469,2492,5.5782
2465,2493,5.1569
2477,2494,1.6861
2464,2495,1.9523
2467,2496,6.0923
2468,2497,2.7241
2471,2498,3.1444
2475,2499,7.9265
2479,2500,0.83576
2472,2501,3.6023
2476,2502,4.0342
2470,2503,3.5671
2478,2504,4.8576
2466,2505,7.7488
2462,2506,3.5358
2483,2507,6.1988
2484,2508,6.9185
2486,2509,5.5115
2481,2510,2.1111
2474,2511,8.3046
2487,2512,6.0834
2480,2513,9.0825
2482,2514,5.3877
2488,2515,5.0968
2485,2516,11.128
2497,2517,3.3422
2491,2518,1.5663
2496,2519,4.345
2501,2520,4.5435
2493,2521,4.5965
2495,2522,2.1628
2490,2523,4.8703
2492,2523,13.459
2497,2523,14.273
2489,2524,5.416
2504,2525,4.6359
2507,2526,3.6931
2502,2527,4.7187
2508,2528,8.3374
2503,2529,6.241
2492,2530,6.4919
2497,2530,14.934
2498,2531,4.5458
2510,2532,2.8559
2506,2533,4.1954
2512,2534,6.0295
2509,2535,3.9457
2511,2536,7.9084
2494,2537,4.2833
2514,2538,6.3709
2499,2539,7.5608
2500,2540,1.4338
2513,2541,4.8925
2516,2542,5.3663
2515,2543,6.5016
2505,2544,7.081
2545,2546,4.7842
2517,2547,14.579
2530,2547,8.9787
2517,2548,3.8325
2524,2549,4.6098
2533,2550,5.5686
2521,2551,4.9457
2537,2552,5.2599
2529,2553,6.8997
2540,2554,1.3718
2518,2555,2.7502
2522,2556,3.063
2527,2557,3.7105
2517,2558,14.592
2523,2558,5.4963
2530,2558,12.443
2525,2559,4.8035
2542,2560,3.6011
2520,2561,4.3062
2536,2562,8.0566
2526,2563,5.3692
2534,2564,6.5806
2544,2565,6.3628
2519,2566,4.0896
2531,2567,3.4147
2543,2568,3.5485
2538,2569,4.5043
2528,2570,5.3626
2541,2571,4.9121
2532,2572,4.1222
2518,2573,12.312
2539,2574,4.8803
2535,2575,3.1465
2562,2576,10.151
2546,2577,6.5274
2566,2578,6.4306
2550,2579,1.1051
2555,2580,0.50886
2573,2580,14.597
2548,2581,3.1389
2559,2582,6.7843
2549,2583,7.6667
2561,2584,3.952
2570,2585,5.35
2560,2586,4.492
2569,2587,4.6648
2563,2588,6.9753
2556,2589,1.6505
2547,2591,13.82
2558,2591,6.1289
2567,2592,5.6295
2552,2593,3.8131
2568,2594,3.6916
2554,2595,1.8381
2553,2596,4.7841
2547,2597,6.0058
2548,2597,14.542
2575,2598,6.9067
2572,2599,0.61605
2557,2600,3.0454
2564,2601,5.0515
2565,2602,5.1082
2571,2603,6.4072
2551,2604,4.9723
2555,2606,14.299
2573,2606,1.162
2549,2607,12.053
2579,2608,4.6725
2577,2609,6.6855
2580,2610,0.93281
2606,2610,13.131
2578,2611,5.2089
2581,2612,3.8697
2591,2613,6.8671
2590,2614,6.1094
2585,2615,5.0442
2594,2616,7.6366
2589,2617,1.144
2593,2618,2.9186
2584,2619,5.2949
2596,2620,4.0736
2582,2621,7.7426
2576,2622,7.8942
2600,2623,1.7221
2586,2624,3.1511
2587,2626,3.9762
2595,2627,0.96285
2602,2628,5.6372
2588,2629,5.2645
2603,2630,5.5986
2598,2631,7.3391
2583,2632,6.816
2581,2633,14.188
2597,2633,5.8384
2607,2634,4.0941
2599,2635,2.2293
2592,2636,4.6865
2605,2637,6.9913
2604,2638,5.1506
2601,2640,7.8756
2606,2641,1.6139
2627,2642,1.0929
2610,2643,1.4674
2641,2643,14.528
2611,2644,4.0546
2625,2645,5.6839
2612,2646,3.2878
2634,2647,7.0499
2613,2648,6.4827
2608,2649,4.4138
2609,2650,6.4805
2618,2651,2.9213
2614,2652,6.2335
2616,2653,4.0797
2622,2654,6.6743
2632,2655,9.7578
2620,2656,5.0854
2619,2657,1.6693
2628,2658,7.1462
2629,2659,6.85
2626,2660,5.3404
2621,2661,6.9156
2635,2662,2.2283
2617,2663,0.67046
2623,2664,3.3785
2615,2665,4.8937
2624,2666,5.1662
2640,2667,5.8237
2630,2668,6.9667
2639,2669,2.4155
2636,2670,4.0599
2631,2671,8.0769
2637,2672,7.5158
2610,2673,14.855
2641,2673,0.90416
2633,2674,5.9656
2638,2676,5.7551
2645,2677,7.1285
2650,2678,8.1885
2643,2679,0.96734
2652,2680,3.8889
2651,2681,4.0872
2656,2682,6.1357
2644,2683,5.2065
2669,2684,2.9813
2667,2685,7.3171
2662,2686,2.0358
2657,2687,5.0736
2649,2688,2.4071
2646,2689,1.4768
2663,2690,1.5862
2654,2691,6.5722
2653,2692,5.4475
2659,2693,7.8925
2642,2694,0.75936
2648,2695,6.3271
2647,2696,5.8225
2655,2697,6.6743
2660,2698,3.34
2658,2699,4.1545
2661,2700,7.2005
2665,2701,5.1827
2675,2702,8.8421
2664,2703,1.0664
2668,2704,4.8854
2670,2705,5.2536
2672,2706,6.2519
2643,2707,14.737
2673,2707,0.213
2666,2708,7.275
2671,2710,7.9917
2688,2711,1.8466
2677,2712,5.9709
2685,2713,6.0811
2683,2714,4.507
2690,2715,1.1391
2682,2716,5.7922
2680,2717,2.4676
2679,2718,1.2345
2705,2719,4.9332
2706,2720,5.0626
2678,2721,7.5784
2687,2722,5.5415
2684,2723,5.2596
2691,2724,8.0165
2695,2725,6.1753
2701,2726,5.7081
2698,2727,6.2304
2702,2728,10.489
2696,2729,4.267
2694,2730,1.1988
2681,2731,3.2426
2702,2732,11.576
2692,2733,6.6006
2689,2734,2.5649
2708,2735,6.6202
2686,2736,1.4661
2679,2737,14.984
2707,2737,1.5144
2699,2738,6.2978
2703,2739,1.9317
2697,2740,7.9915
2709,2741,5.7
2693,2742,6.7162
2700,2743,6.5956
2704,2744,4.9605
2710,2745,7.3363
2722,2746,4.6532
2719,2747,4.0826
2729,2748,6.6975
2711,2749,4.5279
2716,2750,5.3911
2721,2750,13.921
2727,2751,3.1748
2726,2752,4.3155
2718,2753,0.25159
2715,2754,0.42749
2730,2755,0.29238
2738,2756,6.0766
2736,2757,0.98673
2720,2758,6.5368
2712,2759,7.3188
2739,2760,2.5036
2717,2761,4.5786
2714,2762,7.7457
2713,2763,4.2565
2744,2764,5.5094
2723,2765,5.4408
2731,2766,3.4976
2728,2768,7.8087
2733,2769,5.184
2721,2770,8.303
2740,2771,5.1085
2737,2772,0.21066
2728,2773,12.991
2732,2773,6.3426
2741,2774,7.1372
2734,2775,0.44244
2735,2776,7.0104
2724,2777,6.8191
2742,2778,2.7631
2745,2779,9.0263
2749,2780,3.1729
2764,2781,3.8727
2750,2782,8.4096
2746,2783,3.0496
2761,2784,5.048
2769,2785,3.1229
2748,2786,6.0566
2767,2787,7.5616
2754,2788,1.5203
2747,2789,3.6238
2760,2790,3.5953
2763,2791,3.6627
2771,2792,4.4728
2759,2793,8.8178
2756,2794,6.5904
2774,2795,6.9468
2753,2796,1.7515
2765,2797,3.7886
2766,2798,5.063
2755,2799,2.7347
2768,2800,7.0354
2757,2801,1.6097
2751,2802,4.7171
2770,2803,8.0231
2758,2804,6.8558
2752,2805,6.1177
2775,2806,1.9961
2772,2807,1.4964
2777,2808,7.4611
2762,2809,6.9693
2779,2810,9.5089
2776,2811,4.3834
2773,2812,7.1954
2780,2813,8.0018
2809,2814,12.908
2799,2815,2.5356
2802,2817,14.612
2798,2819,6.247
2796,2820,3.1325
2788,2821,1.0671
2792,2822,14.716
2797,2823,10.09
2797,2824,11.483
2789,2825,10.946
2784,2827,13.881
2790,2827,7.1102
2806,2828,12.144
2804,2832,11.154
2801,2839,5.6059
2784,2840,11.509
2794,2840,8.4983
2807,2842,4.2072
2782,2844,14.055
2783,2845,11.16
2806,2845,7.2546
2806,2848,9.5475
2814,2849,3.3933
2813,2850,2.4556
2830,2851,4.3107
2835,2852,7.6802
2820,2853,0.13044
2825,2854,5.4249
2831,2855,5.1387
2822,2856,6.1683
2818,2857,5.4509
2817,2858,6.3101
2828,2859,5.4633
2815,2860,1.0179
2823,2861,8.9929
2824,2862,5.9502
2821,2863,0.17837
2838,2864,3.9759
2816,2865,5.7051
2824,2865,14.448
2832,2866,3.7614
2819,2867,2.5714
2829,2868,5.0216
2840,2869,3.7562
2833,2870,8.562
2827,2871,4.438
2826,2872,8.2868
2839,2873,2.4823
2841,2874,10.734
2843,2875,6.8422
2836,2876,8.3052
2842,2877,1.0386
2837,2878,5.4207
2846,2879,5.0827
2847,2880,6.4591
2828,2881,12.821
2845,2881,5.2672
2848,2881,11.485
2842,2882,12.845
2834,2883,4.6598
2848,2884,5.2781
2854,2885,4.2537
2850,2886,4.6587
2853,2887,0.93159
2882,2887,14.728
2859,2888,12.21
2881,2888,4.6579
2884,2888,14.448
2864,2889,2.2227
2859,2890,5.628
2884,2890,14.885
2856,2891,6.2559
2849,2892,5.4115
2863,2893,0.77278
2861,2894,6.1057
2858,2895,5.1233
2860,2896,0.79025
2868,2897,3.8626
2870,2898,7.491
2852,2899,6.1075
2874,2900,7.5386
2872,2901,8.3947
2866,2902,5.0114
2867,2903,3.697
2871,2904,4.8303
2857,2905,5.5026
2855,2906,5.7153
2876,2907,8.8175
2862,2908,6.4362
2851,2909,8.4664
2869,2910,2.1611
2879,2911,5.8161
2873,2912,1.4831
2875,2913,9.1965
2877,2914,2.2353
2882,2914,11.318
2865,2915,2.6542
2859,2916,14.931
2884,2916,0.96452
2880,2917,4.3298
2853,2918,14.8
2877,2918,13.956
2882,2918,1.0688
2883,2919,5.3861
2897,2920,12.407
2900,2920,7.1674
2893,2921,2.2539
2886,2922,6.3617
2889,2923,4.9
2888,2924,4.9559
2890,2924,13.35
2894,2925,7.619
2909,2926,4.5795
2891,2927,5.5985
2887,2928,2.2443
2918,2928,13.916
2899,2929,4.562
2905,2930,6.4913
2902,2931,5.8798
2890,2932,5.5252
2892,2933,3.604
2908,2934,6.3605
2896,2935,1.6675
2885,2936,4.2013
2897,2937,4.2036
2903,2938,1.707
2906,2939,7.4058
2915,2940,5.5389
2887,2941,14.361
2914,2941,1.6632
2918,2941,11.322
2895,2942,5.2259
2904,2943,3.2903
2917,2944,4.682
2901,2945,6.3906
2910,2946,6.766
2907,2947,8.7138
2898,2948,6.9518
2911,2949,7.2521
2890,2951,14.973
2916,2951,1.6038
2913,2952,3.478
2912,2953,2.0134
2919,2954,5.4432
2929,2955,6.8266
2920,2956,4.7869
2937,2956,12.382
2931,2957,14.537
2938,2957,3.5669
2932,2958,4.3605
2927,2959,4.5315
2936,2960,3.6505
2934,2961,8.6529
2930,2962,7.1113
2921,2963,1.7369
2935,2964,1.0758
2922,2965,4.6523
2923,2966,4.2853
2942,2967,5.4309
2933,2968,5.6536
2928,2969,1.1396
2944,2970,4.1625
2946,2971,4.299
2943,2972,3.0971
2947,2973,9.0118
2939,2974,4.435
2926,2975,5.6875
2924,2976,6.988
2925,2977,9.9833
2928,2978,14.119
2941,2978,1.7768
2937,2979,5.8401
2951,2980,1.8778
2952,2981,4.8033
2945,2982,6.3747
2953,2983,1.2435
2940,2984,5.7372
2931,2985,7.1592
2950,2986,7.2547
2948,2987,7.811
2949,2988,5.6644
2954,2989,6.8642
2943,2991,14.395
2957,2992,14.029
2959,2992,6.5371
2961,2993,6.5638
2963,2994,2.0903
2955,2995,8.1657
2989,2996,5.5531
2974,2997,7.3253
2970,2998,2.9214
2956,2999,7.5657
2957,3000,5.1831
2985,3000,14.149
2971,3001,6.213
2984,3002,3.1501
2969,3003,1.886
2967,3004,6.2806
2966,3005,6.9531
2987,3006,7.2053
2983,3007,3.0481
2973,3008,8.6063
2972,3009,2.9109
2982,3010,7.8011
2962,3011,6.2967
2960,3012,3.9889
2967,3013,12.209
2979,3013,3.4772
2986,3014,7.6093
2964,3015,1.1446
2976,3016,6.3726
2980,3017,1.1232
2958,3018,3.3973
2969,3019,14.042
2978,3019,1.249
2990,3020,1.966
2968,3021,6.0762
2981,3022,6.748
2975,3023,5.7816
2972,3024,14.97
2991,3024,7.1363
2988,3025,5.2157
2969,3027,14.013
2978,3027,13.827
2999,3028,9.4366
3022,3029,5.0361
3003,3030,1.367
3019,3030,14.834
3027,3030,14.284
3015,3031,2.0079
2992,3032,2.1461
2993,3033,2.9032
2995,3034,6.7459
3008,3034,14.587
2998,3035,3.8693
3006,3036,4.6888
3021,3037,6.9748
3016,3038,6.6632
2996,3039,7.318
3000,3040,6.084
2994,3041,1.3333
3012,3042,4.8084
3020,3043,7.002
2997,3044,4.677
3011,3045,5.527
3007,3046,1.234
3002,3047,5.8951
3010,3048,7.9571
3017,3049,2.2797
3008,3050,6.8357
3004,3051,5.7116
3004,3052,14.118
3013,3052,1.3933
3019,3053,1.5794
3027,3053,14.446
3014,3054,5.2163
3024,3055,7.233
3001,3056,5.6949
3009,3057,5.1496
3005,3058,5.3387
3025,3059,7.8162
3003,3060,14.289
3019,3060,12.409
3027,3060,1.2961
3018,3061,1.7112
3026,3062,1.4488
3047,3063,5.9737
3034,3064,5.5869
3028,3065,8.4837
3045,3066,5.2811
3039,3067,0.98324
3042,3068,4.9148
3030,3069,1.8138
3048,3070,5.839
3033,3071,14.3
3043,3071,5.7637
3033,3072,2.8568
3035,3073,5.303
3029,3074,5.9801
3040,3075,6.0106
3059,3076,5.9781
3041,3077,1.33
3032,3078,2.4143
3051,3079,13.043
3052,3079,5.5913
3036,3080,6.4747
3038,3081,3.9919
3044,3082,4.4882
3030,3083,14.167
3053,3083,1.9332
3060,3083,14.998
3031,3084,0.72393
3050,3085,6.8244
3049,3086,0.98982
3056,3087,4.469
3054,3088,9.0574
3051,3089,5.6274
3037,3090,4.3691
3030,3091,14.496
3053,3091,13.616
3060,3091,0.61727
3046,3092,1.5636
3058,3093,7.2143
3062,3094,3.3232
3055,3095,5.735
3069,3096,2.332
3065,3097,9.7476
3066,3098,5.0378
3064,3099,8.2725
3063,3100,5.1375
3070,3101,5.0482
3078,3101,13.634
3068,3102,5.3295
3075,3103,6.8613
3072,3104,0.70152
3080,3105,4.5839
3067,3106,0.99812
3071,3107,6.7843
3083,3108,12.573
3091,3108,2.0652
3089,3109,1.8437
3076,3110,5.7519
3090,3111,4.9057
3084,3112,1.6656
3087,3113,4.8977
3082,3114,6.4779
3073,3115,3.7935
3077,3116,0.88054
3092,3117,1.4591
3088,3118,5.5863
3069,3119,14.274
3083,3119,2.6672
3081,3120,5.9943
3067,3121,14.272
3080,3121,12.808
3074,3122,7.8233
3095,3123,7.3767
3086,3124,2.6117
3094,3125,6.8229
3078,3126,4.4534
3079,3127,10.797
3085,3128,8.483
3071,3129,11.173
3072,3129,14.883
3093,3130,6.1931
3099,3132,6.2598
3098,3133,5.6063
3102,3134,4.6324
3105,3135,4.6607
3106,3135,14.696
3104,3136,5.0895
3107,3136,12.888
3129,3136,13.681
3118,3137,3.6081
3107,3138,7.8422
3100,3139,7.3624
3104,3139,12.553
3112,3140,0.49475
3101,3141,5.464
3126,3141,10.594
3097,3142,7.1079
3114,3143,7.2499
3113,3144,5.482
3096,3145,0.49852
3111,3146,6.2556
3106,3147,1.6593
3121,3147,13.732
3108,3148,1.0713
3119,3148,13.798
3109,3149,4.631
3105,3150,13.048
3121,3150,3.8785
3117,3151,1.8048
3127,3152,6.2348
3129,3153,4.0964
3103,3154,6.9688
3116,3155,1.3822
3123,3156,6.1687
3125,3157,7.0894
3131,3158,5.9226
3119,3159,1.5001
3120,3160,7.5675
3128,3161,8.2039
3110,3162,9.1841
3115,3163,6.3369
3122,3164,8.0647
3100,3165,13.564
3130,3166,7.776
3124,3167,1.8882
3134,3168,2.8263
3165,3169,5.3842
3135,3170,3.4208
3147,3170,14.919
3136,3171,3.2119
3135,3172,13.699
3150,3172,5.1663
3148,3173,2.1637
3159,3173,13.154
3135,3174,14.92
3147,3174,1.5504
3150,3174,14.029
3133,3175,6.0126
3132,3176,5.118
3143,3176,14.712
3141,3177,4.4543
3145,3178,1.8419
3155,3179,1.9035
3158,3180,5.2683
3144,3181,2.2634
3152,3182,6.1422
3142,3183,8.7295
3156,3184,6.7846
3140,3185,1.653
3138,3186,8.128
3146,3187,5.9289
3151,3188,0.9001
3154,3189,4.8931
3149,3190,3.7664
3164,3191,6.4396
3143,3192,7.6985
3161,3193,6.858
3139,3194,3.3322
3137,3195,2.8824
3136,3196,14.681
3153,3196,5.3766
3166,3197,4.5317
3159,3198,2.0049
3157,3199,7.0033
3160,3200,8.7623
3163,3201,7.2407
3162,3202,7.895
3178,3203,2.2333
3173,3204,2.0859
3198,3204,13.036
3170,3205,3.528
3168,3206,2.8718
3170,3207,14.062
3172,3207,11.72
3174,3207,4.5994
3175,3208,7.9059
3189,3209,4.3968
3176,3210,3.6843
3186,3211,6.8905
3197,3212,5.5797
3185,3213,1.82
3196,3214,4.6178
3192,3215,7.6329
3171,3216,0.65511
3191,3217,5.0659
3184,3218,7.5296
3200,3219,10.842
3179,3220,1.8067
3181,3221,4.4959
3187,3222,6.4234
3195,3223,5.6771
3188,3224,2.604
3182,3225,6.6845
3180,3226,6.7972
3170,3227,13.97
3172,3227,8.433
3183,3228,3.2807
3198,3229,3.6717
3169,3230,7.5982
3199,3231,5.9173
3193,3232,8.2918
3201,3233,4.5087
3190,3234,6.0158
3177,3235,7.5315
3202,3237,7.8248
3213,3238,2.4793
3204,3239,1.649
3205,3240,4.0001
3207,3240,14.163
3206,3241,2.9058
3203,3242,2.4116
3216,3243,3.175
3215,3244,5.7823
3207,3245,5.2546
3227,3245,12.389
3209,3246,5.0505
3221,3247,6.2761
3214,3248,5.9832
3210,3249,6.2352
3215,3249,13.569
3208,3250,8.6136
3232,3251,9.0441
3225,3252,4.3734
3212,3253,2.0927
3220,3254,2.2166
3223,3255,7.284
3222,3256,3.5394
3224,3257,1.5907
3217,3258,6.0541
3227,3259,7.9403
3231,3260,3.92
3211,3261,8.6912
3226,3262,5.0768
3212,3263,14.769
3228,3263,2.575
3219,3264,9.4829
3218,3265,8.7448
3236,3266,3.8255
3233,3267,6.9561
3229,3268,0.6849
3234,3269,5.7189
3230,3270,7.3661
3204,3272,8.6055
3237,3273,6.708
3244,3274,8
3242,3275,0.88033
3243,3276,0.92443
3257,3277,0.53525
3241,3278,3.4397
3239,3279,0.61061
3272,3279,10.467
3253,3280,13.79
3263,3280,3.6487
3260,3281,8.0394
3253,3282,0.98649
3259,3283,7.9135
3250,3284,7.762
3240,3285,5.4023
3245,3285,14.671
3254,3286,1.2539
3249,3287,7.0604
3247,3288,5.8937
3238,3289,0.96207
3245,3290,4.2461
3251,3291,8.7198
3262,3292,7.2109
3256,3293,5.1946
3261,3294,6.4672
3269,3295,5.4381
3268,3296,1.5441
3246,3297,5.5283
3273,3298,7.0854
3265,3299,8.2765
3258,3300,5.2313
3264,3301,8.1431
3248,3302,7.5928
3266,3303,4.2799
3267,3305,5.5923
3255,3306,8.8726
3270,3307,10.021
3271,3308,0.99593
3252,3309,7.0724
3280,3310,2.5985
3282,3310,14.182
3275,3311,0.92528
3284,3312,5.3731
3278,3313,4.2694
3288,3314,5.584
3306,3314,14.515
3295,3315,4.7453
3285,3316,7.0941
3294,3317,4.708
3287,3318,4.2744
3297,3319,4.7944
3293,3320,3.1605
3279,3321,1.4305
3299,3322,6.9905
3289,3323,1.209
3298,3324,6.7736
3290,3325,4.8814
3274,3326,5.3937
3304,3327,7.236
3281,3328,5.3334
3280,3329,14.899
3282,3329,1.9742
3302,3330,7.0616
3286,3331,1.4558
3276,3332,0.60933
3301,3333,10.688
3277,3334,1.1188
3303,3335,5.0016
3275,3336,14.953
3279,3336,14.713
3296,3336,1.2244
3307,3337,11.283
3291,3338,7.5344
3300,3339,3.5156
3306,3340,7.5126
3283,3341,10.777
3309,3342,6.6257
3305,3344,8.1376
3292,3345,3.9475
3322,3346,9.0368
3331,3347,1.6606
3321,3348,0.63762
3327,3349,4.2574
3310,3350,3.4756
3312,3351,7.2515
3326,3352,5.4678
3328,3353,6.3308
3320,3354,4.942
3318,3355,1.3558
3332,3356,1.6171
3313,3357,3.4948
3319,3358,1.477
3342,3359,7.6334
3323,3360,1.4875
3335,3361,2.3505
3317,3362,6.7788
3315,3363,4.0753
3333,3364,7.7477
3314,3365,4.7104
3340,3365,14.869
3336,3366,0.58221
3334,3367,0.64669
3324,3368,14.459
3343,3368,0.89402
3311,3369,1.2068
3324,3370,5.8253
3310,3371,13.83
3329,3371,0.79101
3344,3372,5.0575
3325,3373,3.5403
3340,3374,8.3324
3339,3375,5.4183
3330,3376,7.7954
3338,3377,7.0182
3316,3378,7.3196
3341,3379,9.7089
3345,3380,5.4601
3337,3381,10.337
3358,3382,5.045
3368,3383,3.7112
3370,3383,13.054
3363,3384,3.0982
3350,3385,5.3696
3361,3386,4.1128
3374,3387,6.3379
3356,3388,0.3957
3352,3389,5.8304
3348,3390,1.8041
3351,3391,5.2408
3364,3392,7.7278
3369,3393,1.8877
3353,3394,3.3871
3346,3395,7.7656
3357,3396,2.7796
3360,3397,1.2523
3359,3398,5.382
3355,3399,0.41972
3376,3400,8.0272
3370,3401,6.6859
3380,3401,14.636
3348,3402,14.571
3366,3402,1.556
3365,3403,2.7631
3367,3404,1.4384
3362,3405,4.6792
3350,3406,13.509
3371,3406,1.962
3380,3407,5.738
3373,3408,5.5783
3347,3409,1.9815
3349,3410,4.9069
3354,3411,4.5844
3375,3412,8.5721
3379,3413,8.4441
3381,3414,10.083
3377,3415,8.0617
3372,3416,4.5977
3396,3417,4.0807
3397,3418,0.494
3389,3419,4.6443
3410,3419,13.828
3385,3420,7.9177
3390,3421,1.113
3382,3422,4.6649
3393,3423,1.1939
3402,3423,14.36
3403,3424,4.2067
3383,3425,4.8922
3386,3426,2.9329
3384,3427,6.7126
3391,3428,5.2686
3399,3429,2.5398
3388,3430,2.4916
3392,3431,5.6026
3405,3431,14.18
3394,3432,1.7998
3405,3433,6.2261
3409,3434,1.2025
3407,3435,4.9389
3401,3436,1.1221
3404,3437,2.3196
3415,3438,6.8433
3398,3439,5.7685
3410,3440,6.9194
3412,3441,4.6392
3400,3442,8.7157
3408,3443,2.7717
3385,3444,14.045
3406,3444,4.7932
3390,3445,14.81
3402,3445,2.1724
3414,3446,10.97
3387,3447,6.1483
3395,3449,9.0272
3411,3450,4.1748
3416,3451,4.3525
3413,3452,7.3119
3420,3453,8.8104
3428,3454,5.8265
3439,3454,14.407
3423,3455,1.7519
3417,3456,4.3017
3439,3456,14.908
3422,3457,14.267
3429,3457,3.7535
3421,3458,1.2626
3419,3459,5.4631
3440,3459,13.968
3425,3460,4.3799
3426,3461,1.3033
3438,3462,8.9393
3418,3463,1.3961
3430,3464,2.0819
3432,3465,4.4479
3421,3466,14.276
3445,3466,1.41
3441,3467,7.0676
3434,3468,0.34632
3433,3469,8.0916
3436,3470,4.5783
3424,3471,3.9822
3435,3472,4.8541
3446,3473,11.304
3443,3474,4.6817
3447,3475,4.8829
3452,3476,8.2607
3431,3477,5.0509
3437,3478,0.54631
3422,3479,4.5888
3427,3480,5.7806
3449,3481,9.1719
3451,3482,4.9832
3440,3483,9.001
3442,3484,8.527
3444,3485,7.0515
3448,3486,4.6177
3439,3487,7.9792
3453,3488,8.7822
3460,3489,5.9605
3456,3490,2.9805
3455,3491,2.1036
3466,3491,14.28
3458,3492,1.9534
3459,3493,5.4686
3457,3494,5.0378
3479,3494,12.202
3471,3495,7.8832
3462,3496,4.5899
3454,3497,4.1397
3487,3497,14.042
3463,3498,1.0339
3461,3499,3.2619
3474,3500,6.8301
3472,3501,4.9776
3483,3502,6.8426
3473,3503,12.29
3477,3504,4.6844
3469,3505,4.5091
3468,3506,0.8252
3464,3507,1.4167
3478,3508,1.6276
3480,3509,3.5242
3465,3510,2.4386
3475,3511,6.4319
3458,3512,13.673
3466,3512,2.896
3476,3513,7.9898
3470,3514,6.332
3484,3515,8.8014
3486,3516,8.0441
3485,3517,7.0896
3467,3518,7.9243
3481,3519,9.0107
3482,3520,5.039
3487,3521,6.3683
